-1.449300000000000033e+01
-1.425900000000000034e+01
-1.402500000000000036e+01
-1.379100000000000037e+01
-1.355700000000000038e+01
-1.332300000000000040e+01
-1.308900000000000041e+01
-1.285500000000000043e+01
-1.262100000000000044e+01
-1.238700000000000045e+01
-1.215300000000000047e+01
-1.191900000000000048e+01
-1.168500000000000050e+01
-1.145100000000000051e+01
-1.121700000000000053e+01
-1.098300000000000054e+01
-1.074900000000000055e+01
-1.051500000000000057e+01
-1.028100000000000058e+01
-1.004700000000000060e+01
-9.813000000000000611e+00
-9.579000000000000625e+00
-9.345000000000000639e+00
-9.111000000000000654e+00
-8.877000000000000668e+00
-8.643000000000000682e+00
-8.409000000000000696e+00
-8.175000000000000711e+00
-7.941000000000000725e+00
-7.707000000000000739e+00
-7.473000000000000753e+00
-7.239000000000000767e+00
-7.005000000000000782e+00
-6.771000000000000796e+00
-6.537000000000000810e+00
-6.303000000000000824e+00
-6.069000000000000838e+00
-5.835000000000000853e+00
-5.601000000000000867e+00
-5.367000000000000881e+00
-5.133000000000000895e+00
-4.899000000000000909e+00
-4.665000000000000924e+00
-4.431000000000000938e+00
-4.197000000000000952e+00
-3.963000000000000966e+00
-3.729000000000000981e+00
-3.495000000000000995e+00
-3.261000000000001009e+00
-3.027000000000001023e+00
-2.793000000000001037e+00
-2.559000000000001052e+00
-2.325000000000001066e+00
-2.091000000000001080e+00
-1.857000000000001094e+00
-1.623000000000001108e+00
-1.389000000000001123e+00
-1.155000000000001137e+00
-9.210000000000011511e-01
-6.870000000000011653e-01
-4.530000000000011795e-01
-2.190000000000011937e-01
1.499999999999879208e-02
2.489999999999987779e-01
4.829999999999987637e-01
7.169999999999987494e-01
9.509999999999987352e-01
1.184999999999998721e+00
1.418999999999998707e+00
1.653000000000000469e+00
1.886999999999998678e+00
2.120999999999996888e+00
2.354999999999998650e+00
2.589000000000000412e+00
2.822999999999998622e+00
3.056999999999996831e+00
3.290999999999998593e+00
3.525000000000000355e+00
3.758999999999998565e+00
3.992999999999996774e+00
4.226999999999998536e+00
4.461000000000000298e+00
4.694999999999998508e+00
4.928999999999996717e+00
5.162999999999998479e+00
5.397000000000000242e+00
5.630999999999998451e+00
5.864999999999996660e+00
6.098999999999998423e+00
6.333000000000000185e+00
6.566999999999998394e+00
6.800999999999996604e+00
7.034999999999998366e+00
7.269000000000000128e+00
7.502999999999998337e+00
7.736999999999996547e+00
7.970999999999998309e+00
8.205000000000000071e+00
8.438999999999998280e+00
8.672999999999996490e+00
8.906999999999998252e+00
9.141000000000000014e+00
9.374999999999998224e+00
9.608999999999996433e+00
9.842999999999998195e+00
1.007699999999999996e+01
1.031099999999999817e+01
1.054499999999999638e+01
1.077899999999999814e+01
1.101299999999999990e+01
1.124699999999999811e+01
1.148099999999999632e+01
1.171499999999999808e+01
1.194899999999999984e+01
1.218299999999999805e+01
1.241699999999999626e+01
1.265099999999999802e+01
1.288499999999999979e+01
1.311899999999999800e+01
1.335299999999999621e+01
1.358699999999999797e+01
1.382099999999999973e+01
1.405499999999999794e+01
1.428899999999999615e+01
1.452299999999999791e+01
1.475699999999999967e+01
1.499099999999999788e+01
1.522499999999999609e+01
1.545899999999999785e+01
1.569299999999999962e+01
1.592699999999999783e+01
1.616099999999999426e+01
1.639499999999999602e+01
1.662899999999999778e+01
1.686299999999999955e+01
1.709699999999999420e+01
1.733099999999999596e+01
1.756499999999999773e+01
1.779899999999999949e+01
1.803299999999999415e+01
1.826699999999999591e+01
1.850099999999999767e+01
1.873499999999999233e+01
1.896899999999999409e+01
1.920299999999999585e+01
1.943699999999999761e+01
1.967099999999999937e+01
1.990499999999999403e+01
2.013899999999999579e+01
2.037299999999999756e+01
2.060699999999999221e+01
2.084099999999999397e+01
2.107499999999999574e+01
2.130899999999999750e+01
2.154299999999999926e+01
2.177699999999999392e+01
2.201099999999999568e+01
2.224499999999999744e+01
2.247899999999999210e+01
2.271299999999999386e+01
2.294699999999999562e+01
2.318099999999999739e+01
2.341499999999999915e+01
2.364899999999999380e+01
2.388299999999999557e+01
2.411699999999999733e+01
2.435099999999999199e+01
2.458499999999999375e+01
2.481899999999999551e+01
2.505299999999999727e+01
2.528699999999999903e+01
2.552099999999999369e+01
2.575499999999999545e+01
2.598899999999999721e+01
2.622299999999999187e+01
2.645699999999999363e+01
2.669099999999999540e+01
2.692499999999999716e+01
2.715899999999999892e+01
2.739299999999999358e+01
2.762699999999999534e+01
2.786099999999999710e+01
2.809499999999999176e+01
2.832899999999999352e+01
2.856299999999999528e+01
2.879699999999999704e+01
2.903099999999999881e+01
2.926499999999999346e+01
2.949899999999999523e+01
2.973299999999999699e+01
2.996699999999999164e+01
3.020099999999999341e+01
3.043499999999999517e+01
3.066899999999999693e+01
3.090299999999999869e+01
3.113699999999999335e+01
3.137099999999999511e+01
3.160499999999999687e+01
3.183899999999999153e+01
3.207299999999999329e+01
3.230699999999999505e+01
3.254099999999999682e+01
3.277499999999999858e+01
3.300899999999999324e+01
3.324299999999999500e+01
3.347699999999999676e+01
3.371099999999999142e+01
3.394499999999999318e+01
3.417899999999999494e+01
3.441299999999999670e+01
3.464699999999999847e+01
3.488099999999999312e+01
3.511499999999999488e+01
3.534899999999999665e+01
3.558299999999999130e+01
3.581699999999999307e+01
3.605099999999999483e+01
3.628499999999999659e+01
3.651899999999999835e+01
3.675299999999999301e+01
3.698699999999999477e+01
3.722099999999999653e+01
3.745499999999999119e+01
3.768899999999999295e+01
3.792299999999999471e+01
3.815699999999999648e+01
3.839099999999999824e+01
3.862499999999999289e+01
3.885899999999999466e+01
3.909299999999999642e+01
3.932699999999999108e+01
3.956099999999999284e+01
3.979499999999999460e+01
4.002899999999999636e+01
4.026299999999999812e+01
4.049699999999999278e+01
4.073099999999999454e+01
4.096499999999999631e+01
4.119899999999999096e+01
4.143299999999999272e+01
4.166699999999999449e+01
4.190099999999999625e+01
4.213499999999999801e+01
4.236899999999999267e+01
4.260299999999999443e+01
4.283699999999999619e+01
4.307099999999999085e+01
4.330499999999999261e+01
4.353899999999999437e+01
4.377299999999999613e+01
4.400699999999999790e+01
4.424099999999999255e+01
4.447499999999999432e+01
4.470899999999999608e+01
4.494299999999999073e+01
4.517699999999999250e+01
4.541099999999999426e+01
4.564499999999999602e+01
4.587899999999999778e+01
4.611299999999999244e+01
4.634699999999999420e+01
4.658099999999999596e+01
4.681499999999999062e+01
4.704899999999999238e+01
4.728299999999999415e+01
4.751699999999999591e+01
4.775099999999999767e+01
4.798499999999999233e+01
4.821899999999999409e+01
4.845299999999999585e+01
4.868699999999999051e+01
4.892099999999999227e+01
4.915499999999999403e+01
4.938899999999999579e+01
4.962299999999999756e+01
4.985699999999999221e+01
5.009100000000000108e+01
5.032499999999999574e+01
5.055899999999999039e+01
5.079299999999999926e+01
5.102699999999999392e+01
5.126099999999998857e+01
5.149499999999999744e+01
5.172899999999999210e+01
5.196299999999998676e+01
5.219699999999999562e+01
5.243099999999999028e+01
5.266499999999999915e+01
5.289899999999999380e+01
5.313299999999998846e+01
5.336699999999999733e+01
5.360099999999999199e+01
5.383500000000000085e+01
5.406899999999999551e+01
5.430299999999999017e+01
5.453699999999999903e+01
5.477099999999999369e+01
5.500499999999998835e+01
5.523899999999999721e+01
5.547299999999999187e+01
5.570699999999998653e+01
5.594099999999999540e+01
5.617499999999999005e+01
5.640899999999999892e+01
5.664299999999999358e+01
5.687699999999998823e+01
5.711099999999999710e+01
5.734499999999999176e+01
5.757900000000000063e+01
5.781299999999999528e+01
5.804699999999998994e+01
5.828099999999999881e+01
5.851499999999999346e+01
5.874899999999998812e+01
5.898299999999999699e+01
5.921699999999999164e+01
5.945099999999998630e+01
5.968499999999999517e+01
5.991899999999998983e+01
6.015299999999999869e+01
6.038699999999999335e+01
6.062099999999998801e+01
6.085499999999999687e+01
6.108899999999999153e+01
6.132300000000000040e+01
6.155699999999999505e+01
6.179099999999998971e+01
6.202499999999999858e+01
6.225899999999999324e+01
6.249299999999998789e+01
6.272699999999999676e+01
6.296099999999999142e+01
6.319499999999998607e+01
6.342899999999999494e+01
6.366299999999998960e+01
6.389699999999999847e+01
6.413100000000000023e+01
6.436499999999999488e+01
6.459900000000000375e+01
6.483299999999999841e+01
