-1.236400000000000077e+01
-1.201200000000000045e+01
-1.166000000000000014e+01
-1.130799999999999983e+01
-1.095599999999999952e+01
-1.060399999999999920e+01
-1.025199999999999889e+01
-9.899999999999998579e+00
-9.547999999999998266e+00
-9.195999999999997954e+00
-8.843999999999997641e+00
-8.491999999999997328e+00
-8.139999999999997016e+00
-7.787999999999996703e+00
-7.435999999999996390e+00
-7.083999999999996078e+00
-6.731999999999995765e+00
-6.379999999999995453e+00
-6.027999999999995140e+00
-5.675999999999994827e+00
-5.323999999999994515e+00
-4.971999999999994202e+00
-4.619999999999993889e+00
-4.267999999999993577e+00
-3.915999999999993264e+00
-3.563999999999992951e+00
-3.211999999999992639e+00
-2.859999999999992326e+00
-2.507999999999992013e+00
-2.155999999999991701e+00
-1.803999999999991388e+00
-1.451999999999991076e+00
-1.099999999999990763e+00
-7.479999999999904503e-01
-3.959999999999901377e-01
-4.399999999998982503e-02
3.080000000000104876e-01
6.600000000000108002e-01
1.012000000000011113e+00
1.364000000000011426e+00
1.716000000000011738e+00
2.068000000000012051e+00
2.420000000000012363e+00
2.772000000000012676e+00
3.124000000000012989e+00
3.476000000000013301e+00
3.828000000000013614e+00
4.180000000000013927e+00
4.532000000000014239e+00
4.884000000000014552e+00
5.236000000000014865e+00
5.588000000000015177e+00
5.940000000000015490e+00
6.292000000000015802e+00
6.644000000000016115e+00
6.996000000000016428e+00
7.348000000000016740e+00
7.700000000000017053e+00
8.052000000000017366e+00
8.404000000000017678e+00
8.756000000000017991e+00
9.108000000000018304e+00
9.460000000000018616e+00
9.812000000000018929e+00
1.016400000000001924e+01
1.051600000000001955e+01
1.086800000000001987e+01
1.122000000000002018e+01
1.157200000000002049e+01
1.192400000000002080e+01
1.227600000000002112e+01
1.262800000000002143e+01
1.298000000000002174e+01
1.333200000000002206e+01
1.368400000000002237e+01
1.403600000000002268e+01
1.438800000000002299e+01
1.474000000000002331e+01
1.509200000000002362e+01
1.544400000000002393e+01
1.579600000000002424e+01
1.614800000000002456e+01
1.650000000000002487e+01
1.685200000000002518e+01
1.720400000000002549e+01
1.755600000000002581e+01
1.790800000000002612e+01
1.826000000000002643e+01
1.861200000000002674e+01
1.896400000000002706e+01
1.931600000000002737e+01
1.966800000000002413e+01
2.002000000000002800e+01
2.037200000000003186e+01
2.072400000000002862e+01
2.107600000000002538e+01
2.142800000000002925e+01
2.178000000000003311e+01
2.213200000000002987e+01
2.248400000000002663e+01
2.283600000000003050e+01
2.318800000000003436e+01
2.354000000000003112e+01
2.389200000000002788e+01
2.424400000000003175e+01
2.459600000000003561e+01
2.494800000000003237e+01
2.530000000000002913e+01
2.565200000000003300e+01
2.600400000000003686e+01
2.635600000000003362e+01
2.670800000000003038e+01
2.706000000000003425e+01
2.741200000000003811e+01
2.776400000000003487e+01
2.811600000000003163e+01
2.846800000000003550e+01
2.882000000000003936e+01
2.917200000000003612e+01
2.952400000000003288e+01
2.987600000000003675e+01
3.022800000000004061e+01
3.058000000000003737e+01
3.093200000000003413e+01
3.128400000000003800e+01
3.163600000000004187e+01
3.198800000000003863e+01
3.234000000000003183e+01
3.269200000000003570e+01
3.304400000000003956e+01
3.339600000000004343e+01
3.374800000000003308e+01
3.410000000000003695e+01
3.445200000000004081e+01
3.480400000000004468e+01
3.515600000000003433e+01
3.550800000000003820e+01
3.586000000000004206e+01
3.621200000000004593e+01
3.656400000000003558e+01
3.691600000000003945e+01
3.726800000000004331e+01
3.762000000000004718e+01
3.797200000000003683e+01
3.832400000000004070e+01
3.867600000000004457e+01
3.902800000000004843e+01
3.938000000000003809e+01
3.973200000000004195e+01
4.008400000000004582e+01
4.043600000000004968e+01
4.078800000000003934e+01
4.114000000000004320e+01
4.149200000000004707e+01
4.184400000000005093e+01
4.219600000000004059e+01
4.254800000000004445e+01
4.290000000000004832e+01
4.325200000000005218e+01
4.360400000000004184e+01
4.395600000000004570e+01
4.430800000000004957e+01
4.466000000000005343e+01
4.501200000000004309e+01
4.536400000000004695e+01
4.571600000000005082e+01
4.606800000000005468e+01
4.642000000000004434e+01
4.677200000000004820e+01
4.712400000000005207e+01
4.747600000000005593e+01
4.782800000000004559e+01
4.818000000000004945e+01
4.853200000000005332e+01
4.888400000000005718e+01
4.923600000000004684e+01
4.958800000000005070e+01
4.994000000000005457e+01
5.029200000000005844e+01
5.064400000000004809e+01
5.099600000000005195e+01
5.134800000000005582e+01
5.170000000000004547e+01
5.205200000000004934e+01
5.240400000000005321e+01
5.275600000000005707e+01
5.310800000000006094e+01
5.346000000000005059e+01
5.381200000000005446e+01
5.416400000000005832e+01
5.451600000000004798e+01
5.486800000000005184e+01
5.522000000000005571e+01
5.557200000000005957e+01
5.592400000000006344e+01
5.627600000000005309e+01
5.662800000000005696e+01
5.698000000000006082e+01
5.733200000000005048e+01
5.768400000000005434e+01
5.803600000000005821e+01
5.838800000000006207e+01
5.874000000000006594e+01
5.909200000000005559e+01
5.944400000000005946e+01
5.979600000000006332e+01
6.014800000000005298e+01
6.050000000000005684e+01
6.085200000000006071e+01
6.120400000000006457e+01
6.155600000000006844e+01
6.190800000000005809e+01
6.226000000000006196e+01
6.261200000000006582e+01
6.296400000000005548e+01
6.331600000000005934e+01
6.366800000000006321e+01
6.402000000000006708e+01
6.437200000000007094e+01
6.472400000000006060e+01
6.507600000000006446e+01
6.542800000000006833e+01
6.578000000000005798e+01
6.613200000000006185e+01
6.648400000000006571e+01
6.683600000000006958e+01
6.718800000000007344e+01
6.754000000000006310e+01
6.789200000000006696e+01
6.824400000000007083e+01
6.859600000000006048e+01
6.894800000000006435e+01
6.930000000000006821e+01
6.965200000000007208e+01
7.000400000000007594e+01
7.035600000000006560e+01
7.070800000000006946e+01
7.106000000000007333e+01
7.141200000000006298e+01
7.176400000000006685e+01
7.211600000000007071e+01
7.246800000000007458e+01
7.282000000000007844e+01
7.317200000000006810e+01
7.352400000000007196e+01
7.387600000000007583e+01
7.422800000000006548e+01
7.458000000000006935e+01
7.493200000000007321e+01
7.528400000000007708e+01
7.563600000000008095e+01
7.598800000000007060e+01
7.634000000000007446e+01
7.669200000000007833e+01
7.704400000000006798e+01
7.739600000000007185e+01
7.774800000000007572e+01
7.810000000000007958e+01
7.845200000000008345e+01
7.880400000000007310e+01
7.915600000000007697e+01
7.950800000000008083e+01
7.986000000000007049e+01
8.021200000000007435e+01
8.056400000000007822e+01
8.091600000000008208e+01
8.126800000000008595e+01
8.162000000000007560e+01
8.197200000000007947e+01
8.232400000000008333e+01
8.267600000000007299e+01
8.302800000000007685e+01
8.338000000000008072e+01
8.373200000000008458e+01
8.408400000000008845e+01
8.443600000000007810e+01
8.478800000000008197e+01
8.514000000000008583e+01
8.549200000000007549e+01
8.584400000000007935e+01
8.619600000000008322e+01
8.654800000000008708e+01
8.690000000000009095e+01
8.725200000000008060e+01
8.760400000000008447e+01
8.795600000000008833e+01
8.830800000000007799e+01
8.866000000000008185e+01
8.901200000000008572e+01
8.936400000000008959e+01
8.971600000000009345e+01
9.006800000000008311e+01
9.042000000000008697e+01
9.077200000000009084e+01
9.112400000000008049e+01
9.147600000000008436e+01
9.182800000000008822e+01
9.218000000000009209e+01
9.253200000000009595e+01
9.288400000000008561e+01
9.323600000000008947e+01
9.358800000000009334e+01
9.394000000000008299e+01
9.429200000000008686e+01
9.464400000000009072e+01
9.499600000000009459e+01
9.534800000000009845e+01
9.570000000000008811e+01
9.605200000000009197e+01
9.640400000000009584e+01
9.675600000000008549e+01
9.710800000000008936e+01
9.746000000000009322e+01
9.781200000000009709e+01
9.816400000000010095e+01
9.851600000000009061e+01
9.886800000000009447e+01
9.922000000000009834e+01
9.957200000000008799e+01
9.992400000000009186e+01
1.002760000000000957e+02
1.006280000000000996e+02
1.009800000000001035e+02
1.013320000000000931e+02
1.016840000000000970e+02
1.020360000000001008e+02
1.023880000000000905e+02
1.027400000000000944e+02
1.030920000000000982e+02
1.034440000000001021e+02
1.037960000000001060e+02
1.041480000000000956e+02
1.045000000000000995e+02
1.048520000000001033e+02
1.052040000000000930e+02
1.055560000000000969e+02
1.059080000000001007e+02
1.062600000000001046e+02
1.066120000000001085e+02
1.069640000000000981e+02
1.073160000000001020e+02
1.076680000000001058e+02
1.080200000000000955e+02
1.083720000000000994e+02
1.087240000000001032e+02
1.090760000000001071e+02
1.094280000000001110e+02
1.097800000000001006e+02
1.101320000000001045e+02
1.104840000000001083e+02
1.108360000000000980e+02
1.111880000000001019e+02
1.115400000000001057e+02
1.118920000000001096e+02
1.122440000000001135e+02
1.125960000000001031e+02
1.129480000000001070e+02
1.133000000000001108e+02
1.136520000000001005e+02
1.140040000000001044e+02
1.143560000000001082e+02
1.147080000000001121e+02
1.150600000000001160e+02
1.154120000000001056e+02
1.157640000000000953e+02
1.161160000000000991e+02
1.164680000000001030e+02
1.168200000000001069e+02
1.171720000000001107e+02
1.175240000000001146e+02
1.178760000000001185e+02
1.182280000000001223e+02
1.185800000000001262e+02
1.189320000000001016e+02
1.192840000000001055e+02
1.196360000000001094e+02
1.199880000000001132e+02
1.203400000000001171e+02
1.206920000000001210e+02
1.210440000000001248e+02
1.213960000000001003e+02
1.217480000000001041e+02
1.221000000000001080e+02
1.224520000000001119e+02
1.228040000000001157e+02
1.231560000000001196e+02
1.235080000000001235e+02
1.238600000000001273e+02
1.242120000000001312e+02
1.245640000000001066e+02
1.249160000000001105e+02
