3.450925064086910156e+01
3.456774902343750000e+01
3.462625122070310938e+01
3.468474960327150000e+01
3.474324798583980469e+01
3.480175018310550000e+01
3.486024856567380469e+01
3.491875076293950000e+01
3.497724914550780469e+01
3.503575134277340625e+01
3.509424972534180469e+01
3.515274810791020312e+01
3.521125030517580469e+01
3.526974868774410938e+01
3.532825088500980469e+01
3.538674926757810938e+01
3.544524765014650781e+01
3.550374984741210938e+01
3.556224822998050781e+01
3.562075042724610938e+01
3.567924880981450781e+01
3.573775100708010938e+01
3.579624938964840625e+01
3.585474777221680469e+01
3.591324996948240625e+01
3.597174835205080469e+01
3.603025054931640625e+01
3.608874893188480469e+01
3.614725112915040625e+01
3.620574951171880469e+01
3.626424789428710938e+01
3.632275009155270313e+01
3.638124847412110156e+01
3.643975067138670313e+01
3.649824905395510156e+01
3.655675125122070312e+01
3.661524963378910156e+01
3.667374801635740625e+01
3.673225021362300781e+01
3.679074859619140625e+01
3.684925079345700781e+01
3.690774917602540625e+01
3.696625137329100781e+01
3.702474975585940625e+01
3.708324813842770313e+01
3.714175033569330469e+01
3.720024871826170313e+01
3.725875091552730469e+01
3.731724929809570312e+01
3.737574768066410156e+01
3.743424987792970313e+01
3.749274826049800781e+01
3.755125045776360938e+01
3.760974884033200781e+01
3.766825103759760938e+01
3.772674942016600781e+01
3.778524780273440625e+01
3.784375000000000000e+01
3.790224838256840625e+01
3.796075057983400781e+01
3.801924896240230469e+01
3.807775115966790625e+01
3.813624954223630469e+01
3.819474792480470312e+01
3.825325012207030469e+01
3.831174850463870312e+01
3.837025070190430469e+01
3.842874908447270312e+01
3.848725128173830469e+01
3.854574966430660938e+01
3.860424804687500000e+01
3.866275024414060156e+01
3.872124862670900000e+01
3.877975082397460156e+01
3.883824920654300000e+01
3.889674758911130469e+01
3.895524978637690625e+01
3.901374816894530469e+01
3.907225036621090625e+01
3.913074874877930469e+01
3.918925094604490625e+01
3.924774932861330469e+01
3.930624771118160937e+01
3.936474990844720313e+01
3.942324829101560156e+01
3.948175048828120313e+01
3.954024887084960156e+01
3.959875106811520313e+01
3.965724945068360156e+01
3.971574783325200000e+01
3.977425003051760156e+01
3.983274841308590625e+01
3.989125061035150781e+01
3.994974899291990625e+01
4.000825119018550781e+01
4.006674957275390625e+01
4.012524795532230469e+01
4.018375015258790625e+01
4.024224853515620313e+01
4.030075073242180469e+01
4.035924911499020313e+01
4.041775131225580469e+01
4.047624969482420313e+01
4.053474807739260156e+01
4.059325027465820312e+01
4.065174865722660156e+01
4.071025085449220312e+01
4.076874923706060156e+01
4.082724761962890625e+01
4.088574981689450781e+01
4.094424819946290625e+01
4.100275039672850781e+01
4.106124877929690625e+01
4.111975097656250000e+01
4.117824935913090625e+01
4.123674774169920312e+01
4.129524993896480469e+01
4.135374832153320312e+01
4.141225051879880469e+01
4.147074890136720312e+01
4.152925109863280469e+01
4.158774948120120312e+01
4.164624786376950781e+01
4.170475006103510938e+01
4.176324844360350781e+01
4.182175064086910938e+01
4.188024902343750000e+01
4.193875122070310156e+01
4.199724960327150000e+01
4.205574798583980469e+01
4.211425018310550000e+01
4.217274856567380469e+01
4.223125076293950000e+01
4.228974914550780469e+01
4.234825134277340625e+01
4.240674972534180469e+01
4.246524810791020312e+01
4.252375030517580469e+01
4.258224868774410938e+01
4.264075088500980469e+01
4.269924926757810938e+01
4.275774765014650781e+01
4.281624984741210938e+01
4.287474822998050781e+01
4.293325042724610938e+01
4.299174880981450781e+01
4.305025100708010938e+01
4.310874938964840625e+01
4.316724777221680469e+01
4.322574996948240625e+01
4.328424835205080469e+01
4.334275054931640625e+01
4.340124893188480469e+01
4.345975112915040625e+01
4.351824951171880469e+01
4.357674789428710938e+01
4.363525009155270312e+01
4.369374847412110156e+01
4.375225067138670312e+01
4.381074905395510156e+01
4.386925125122070312e+01
4.392774963378910156e+01
4.398624801635740625e+01
4.404475021362300781e+01
4.410324859619140625e+01
4.416175079345700781e+01
4.422024917602540625e+01
4.427875137329100781e+01
4.433724975585940625e+01
4.439574813842770312e+01
4.445425033569330469e+01
4.451274871826170312e+01
4.457125091552730469e+01
4.462974929809570312e+01
4.468824768066410156e+01
4.474674987792970312e+01
4.480524826049800781e+01
4.486375045776360938e+01
4.492224884033200781e+01
4.498075103759760938e+01
4.503924942016600781e+01
4.509774780273440625e+01
4.515625000000000000e+01
4.521474838256840625e+01
4.527325057983400781e+01
4.533174896240230469e+01
4.539025115966790625e+01
4.544874954223630469e+01
4.550724792480470312e+01
4.556575012207030469e+01
4.562424850463870312e+01
4.568275070190430469e+01
4.574124908447270312e+01
4.579975128173830469e+01
4.585824966430660938e+01
4.591674804687500000e+01
4.597525024414060156e+01
4.603374862670900000e+01
4.609225082397460156e+01
4.615074920654300000e+01
4.620924758911130469e+01
4.626774978637690625e+01
4.632624816894530469e+01
4.638475036621090625e+01
4.644324874877930469e+01
4.650175094604490625e+01
4.656024932861330469e+01
4.661874771118160937e+01
4.667724990844720313e+01
4.673574829101560156e+01
4.679425048828120313e+01
4.685274887084960156e+01
4.691125106811520313e+01
4.696974945068360156e+01
4.702824783325200000e+01
4.708675003051760156e+01
4.714524841308590625e+01
4.720375061035150781e+01
4.726224899291990625e+01
4.732075119018550781e+01
4.737924957275390625e+01
4.743775177001950781e+01
4.749624633789060156e+01
4.755474853515620313e+01
4.761325073242180469e+01
4.767174911499020313e+01
4.773025131225580469e+01
4.778874969482420313e+01
4.784725189208980469e+01
4.790574645996090625e+01
4.796424865722650781e+01
4.802275085449220312e+01
4.808124542236330469e+01
4.813974761962890625e+01
4.819824981689450781e+01
4.825674819946290625e+01
4.831525039672850781e+01
4.837374877929690625e+01
4.843225097656250000e+01
4.849074935913090625e+01
4.854924774169920312e+01
4.860774993896480469e+01
4.866624832153320312e+01
4.872475051879880469e+01
4.878324890136720312e+01
4.884175109863280469e+01
4.890024948120120312e+01
4.895874786376950781e+01
4.901725006103510938e+01
4.907574844360350781e+01
4.913425064086910938e+01
4.919274902343750000e+01
4.925125122070310156e+01
4.930974960327150000e+01
4.936824798583980469e+01
4.942675018310550000e+01
4.948524856567380469e+01
4.954375076293950000e+01
4.960224914550780469e+01
4.966074752807620312e+01
4.971924972534180469e+01
4.977774810791020312e+01
4.983625030517580469e+01
4.989474868774410938e+01
4.995325088500980469e+01
5.001174926757810938e+01
5.007024765014650781e+01
5.012874984741210938e+01
5.018724822998050781e+01
5.024575042724610938e+01
5.030424880981450781e+01
5.036275100708010938e+01
5.042124938964840625e+01
5.047974777221680469e+01
5.053824996948240625e+01
5.059674835205080469e+01
5.065525054931640625e+01
5.071374893188480469e+01
5.077225112915040625e+01
5.083074951171880469e+01
5.088924789428710938e+01
5.094775009155270312e+01
5.100624847412110156e+01
5.106475067138670312e+01
5.112324905395510156e+01
5.118175125122070312e+01
5.124024963378910156e+01
5.129874801635740625e+01
5.135725021362300781e+01
5.141574859619140625e+01
5.147425079345700781e+01
5.153274917602540625e+01
5.159125137329100781e+01
5.164974975585940625e+01
5.170824813842770312e+01
5.176675033569330469e+01
5.182524871826170312e+01
5.188375091552730469e+01
5.194224929809570312e+01
5.200074768066410156e+01
5.205924987792970312e+01
5.211774826049800781e+01
5.217625045776360938e+01
5.223474884033200781e+01
5.229325103759760938e+01
5.235174942016600781e+01
5.241024780273440625e+01
5.246875000000000000e+01
5.252724838256840625e+01
5.258575057983400781e+01
5.264424896240230469e+01
5.270275115966790625e+01
5.276124954223630469e+01
5.281974792480470312e+01
5.287825012207030469e+01
5.293674850463870312e+01
5.299525070190430469e+01
5.305374908447270312e+01
5.311224746704100781e+01
5.317074966430660938e+01
5.322924804687500000e+01
5.328775024414060156e+01
5.334624862670900000e+01
5.340475082397460156e+01
5.346324920654300000e+01
5.352174758911130469e+01
5.358024978637690625e+01
5.363874816894530469e+01
5.369725036621090625e+01
5.375574874877930469e+01
5.381425094604490625e+01
5.387274932861330469e+01
5.393124771118160937e+01
5.398974990844720313e+01
5.404824829101560156e+01
5.410675048828120313e+01
5.416524887084960156e+01
5.422375106811520313e+01
5.428224945068360156e+01
5.434074783325200000e+01
5.439925003051760156e+01
5.445774841308590625e+01
5.451625061035150781e+01
5.457474899291990625e+01
5.463325119018550781e+01
5.469174957275390625e+01
5.475024795532230469e+01
5.480875015258790625e+01
5.486724853515620313e+01
5.492575073242180469e+01
5.498424911499020313e+01
5.504275131225580469e+01
5.510124969482420313e+01
5.515974807739260156e+01
5.521825027465820312e+01
5.527674865722660156e+01
5.533525085449220312e+01
5.539374923706060156e+01
5.545224761962890625e+01
5.551074981689450781e+01
5.556924819946290625e+01
5.562775039672850781e+01
5.568624877929690625e+01
5.574475097656250000e+01
5.580324935913090625e+01
5.586174774169920312e+01
5.592024993896480469e+01
5.597874832153320312e+01
5.603725051879880469e+01
5.609574890136720312e+01
5.615425109863280469e+01
5.621274948120120312e+01
5.627125167846680469e+01
5.632974624633790625e+01
5.638824844360350781e+01
5.644675064086910938e+01
5.650524520874020313e+01
5.656374740600580469e+01
5.662224960327150000e+01
5.668074798583980469e+01
5.673925018310550000e+01
5.679774856567380469e+01
5.685625076293950000e+01
5.691474914550780469e+01
5.697324752807620312e+01
5.703174972534180469e+01
5.709024810791020312e+01
5.714875030517580469e+01
5.720724868774410938e+01
5.726575088500980469e+01
5.732424926757810938e+01
5.738274765014650781e+01
5.744124984741210938e+01
5.749974822998050781e+01
5.755825042724610938e+01
5.761674880981450781e+01
5.767525100708010938e+01
5.773374938964840625e+01
5.779224777221680469e+01
5.785074996948240625e+01
5.790924835205080469e+01
5.796775054931640625e+01
5.802624893188480469e+01
5.808475112915040625e+01
5.814324951171880469e+01
5.820175170898440625e+01
5.826024627685550781e+01
5.831874847412110938e+01
5.837675079345700781e+01
5.843574523925780469e+01
5.849424743652340625e+01
5.855274963378910156e+01
5.861124801635740625e+01
5.866974639892580469e+01
5.872825622558590625e+01
5.878674316406250000e+01
5.884524536132810156e+01
5.890374755859380469e+01
5.896224594116210938e+01
5.902074813842770313e+01
5.907925033569340625e+01
5.913774871826170313e+01
5.919624710083010156e+01
5.925474929809570312e+01
5.931324768066410156e+01
5.937174606323240625e+01
5.943024826049800781e+01
5.948875045776360938e+01
5.954724884033200781e+01
5.960574722290040625e+01
5.966424942016600781e+01
5.972274780273440625e+01
5.978125000000000000e+01
5.983974838256840625e+01
5.989825057983400781e+01
5.995674896240230469e+01
6.001525115966800781e+01
6.007374954223630469e+01
6.013224792480470312e+01
6.019075012207030469e+01
6.024924850463870312e+01
6.030775070190430469e+01
6.036624908447270312e+01
6.042474746704100781e+01
6.048324966430660938e+01
6.054174804687500000e+01
6.060025024414060156e+01
6.065874862670900000e+01
6.071725082397460156e+01
6.077574920654300000e+01
6.083424758911130469e+01
6.089274978637690625e+01
6.095124816894530469e+01
6.100975036621090625e+01
6.106824874877930469e+01
6.112675094604490625e+01
6.118524932861330469e+01
6.124374771118160937e+01
6.130224990844720313e+01
6.136074829101560156e+01
6.141925048828120313e+01
6.147774887084960156e+01
6.153625106811520313e+01
6.159474945068360156e+01
6.165324783325200000e+01
6.171175003051760156e+01
6.177024841308590625e+01
6.182875061035150781e+01
6.188724899291990625e+01
6.194574737548830469e+01
6.200424957275390625e+01
6.206275177001950781e+01
6.212124633789060156e+01
6.217974853515620313e+01
6.223825073242180469e+01
6.229674911499020313e+01
6.235525131225580469e+01
6.241374969482420313e+01
6.247224807739260156e+01
6.253075027465820312e+01
6.258924865722660156e+01
6.264775085449220312e+01
6.270624923706060156e+01
6.276474761962890625e+01
6.282324981689450781e+01
6.288174819946290625e+01
6.294025039672850781e+01
6.299874877929690625e+01
6.305725097656250000e+01
6.311574935913090625e+01
6.317424774169920312e+01
6.323274993896480469e+01
6.329124832153320312e+01
6.334975051879880469e+01
6.340824890136720312e+01
6.346675109863280469e+01
6.352524948120120312e+01
6.358374786376950781e+01
6.364225006103520312e+01
6.370074844360350781e+01
6.375925064086910938e+01
6.381774902343750000e+01
6.387624740600590625e+01
6.393474960327150000e+01
6.399324798583980469e+01
6.405175018310550000e+01
6.411025238037110156e+01
6.416874694824220312e+01
6.422724914550780469e+01
6.428575134277340625e+01
6.434424591064450781e+01
6.440274810791020312e+01
6.446125030517580469e+01
6.451974487304690625e+01
6.457824707031250000e+01
6.463674926757810156e+01
6.469525146484380469e+01
6.475374603271490625e+01
6.481224822998050781e+01
6.487075042724610938e+01