-1.108800029754638672e+01
-1.100000000000000000e+01
-1.091199970245361328e+01
-1.082400035858154297e+01
-1.073600006103515625e+01
-1.064799976348876953e+01
-1.056000041961669922e+01
-1.047200012207031250e+01
-1.038399982452392578e+01
-1.029599952697753906e+01
-1.020800018310546875e+01
-1.011999988555908203e+01
-1.003199958801269531e+01
-9.944000244140625000e+00
-9.855999946594238281e+00
-9.767999649047851562e+00
-9.680000305175781250e+00
-9.592000007629394531e+00
-9.503999710083007812e+00
-9.416000366210937500e+00
-9.328000068664550781e+00
-9.239999771118164062e+00
-9.152000427246093750e+00
-9.064000129699707031e+00
-8.975999832153320312e+00
-8.887999534606933594e+00
-8.800000190734863281e+00
-8.711999893188476562e+00
-8.623999595642089844e+00
-8.536000251770019531e+00
-8.447999954223632812e+00
-8.359999656677246094e+00
-8.272000312805175781e+00
-8.184000015258789062e+00
-8.095999717712402344e+00
-8.008000373840332031e+00
-7.920000076293945312e+00
-7.831999778747558594e+00
-7.743999958038330078e+00
-7.656000137329101562e+00
-7.567999839782714844e+00
-7.480000019073486328e+00
-7.392000198364257812e+00
-7.303999900817871094e+00
-7.216000080108642578e+00
-7.127999782562255859e+00
-7.039999961853027344e+00
-6.952000141143798828e+00
-6.863999843597412109e+00
-6.776000022888183594e+00
-6.688000202178955078e+00
-6.599999904632568359e+00
-6.512000083923339844e+00
-6.423999786376953125e+00
-6.335999965667724609e+00
-6.248000144958496094e+00
-6.159999847412109375e+00
-6.072000026702880859e+00
-5.984000205993652344e+00
-5.895999908447265625e+00
-5.808000087738037109e+00
-5.719999790191650391e+00
-5.631999969482421875e+00
-5.544000148773193359e+00
-5.455999851226806641e+00
-5.368000030517578125e+00
-5.280000209808349609e+00
-5.191999912261962891e+00
-5.104000091552734375e+00
-5.015999794006347656e+00
-4.927999973297119141e+00
-4.840000152587890625e+00
-4.751999855041503906e+00
-4.664000034332275391e+00
-4.576000213623046875e+00
-4.487999916076660156e+00
-4.400000095367431641e+00
-4.311999797821044922e+00
-4.223999977111816406e+00
-4.136000156402587891e+00
-4.047999858856201172e+00
-3.960000038146972656e+00
-3.871999979019165039e+00
-3.783999919891357422e+00
-3.696000099182128906e+00
-3.608000040054321289e+00
-3.519999980926513672e+00
-3.431999921798706055e+00
-3.344000101089477539e+00
-3.256000041961669922e+00
-3.167999982833862305e+00
-3.079999923706054688e+00
-2.992000102996826172e+00
-2.904000043869018555e+00
-2.815999984741210938e+00
-2.727999925613403320e+00
-2.640000104904174805e+00
-2.552000045776367188e+00
-2.463999986648559570e+00
-2.375999927520751953e+00
-2.288000106811523438e+00
-2.200000047683715820e+00
-2.111999988555908203e+00
-2.023999929428100586e+00
-1.935999989509582520e+00
-1.848000049591064453e+00
-1.759999990463256836e+00
-1.672000050544738770e+00
-1.583999991416931152e+00
-1.496000051498413086e+00
-1.407999992370605469e+00
-1.320000052452087402e+00
-1.231999993324279785e+00
-1.144000053405761719e+00
-1.055999994277954102e+00
-9.680000543594360352e-01
-8.799999952316284180e-01
-7.920000553131103516e-01
-7.039999961853027344e-01
-6.160000562667846680e-01
-5.279999971389770508e-01
-4.400000274181365967e-01
-3.520000278949737549e-01
-2.640000283718109131e-01
-1.760000288486480713e-01
-8.800002932548522949e-02
-2.980232238769531250e-08
8.799996972084045410e-02
1.759999692440032959e-01
2.639999687671661377e-01
3.519999682903289795e-01
4.399999678134918213e-01
5.279999971389770508e-01
6.159999370574951172e-01
7.039999961853027344e-01
7.919999361038208008e-01
8.799999952316284180e-01
9.679999351501464844e-01
1.055999994277954102e+00
1.143999934196472168e+00
1.231999993324279785e+00
1.319999933242797852e+00
1.407999992370605469e+00
1.495999932289123535e+00
1.583999991416931152e+00
1.671999931335449219e+00
1.759999990463256836e+00
1.847999930381774902e+00
1.935999989509582520e+00
2.023999929428100586e+00
2.111999988555908203e+00
2.200000047683715820e+00
2.287999868392944336e+00
2.375999927520751953e+00
2.463999986648559570e+00
2.552000045776367188e+00
2.639999866485595703e+00
2.727999925613403320e+00
2.815999984741210938e+00
2.904000043869018555e+00
2.991999864578247070e+00
3.079999923706054688e+00
3.167999982833862305e+00
3.256000041961669922e+00
3.343999862670898438e+00
3.431999921798706055e+00
3.519999980926513672e+00
3.608000040054321289e+00
3.695999860763549805e+00
3.783999919891357422e+00
3.871999979019165039e+00
3.960000038146972656e+00
4.047999858856201172e+00
4.136000156402587891e+00
4.223999977111816406e+00
4.311999797821044922e+00
4.400000095367431641e+00
4.487999916076660156e+00
4.575999736785888672e+00
4.664000034332275391e+00
4.751999855041503906e+00
4.840000152587890625e+00
4.927999973297119141e+00
5.015999794006347656e+00
5.104000091552734375e+00
5.191999912261962891e+00
5.279999732971191406e+00
5.368000030517578125e+00
5.455999851226806641e+00
5.544000148773193359e+00
5.631999969482421875e+00
5.719999790191650391e+00
5.808000087738037109e+00
5.895999908447265625e+00
5.983999729156494141e+00
6.072000026702880859e+00
6.159999847412109375e+00
6.248000144958496094e+00
6.335999965667724609e+00
6.423999786376953125e+00
6.512000083923339844e+00
6.599999904632568359e+00
6.687999725341796875e+00
6.776000022888183594e+00
6.863999843597412109e+00
6.952000141143798828e+00
7.039999961853027344e+00
7.127999782562255859e+00
7.216000080108642578e+00
7.303999900817871094e+00
7.391999721527099609e+00
7.480000019073486328e+00
7.567999839782714844e+00
7.656000137329101562e+00
7.743999958038330078e+00
7.831999778747558594e+00
7.920000076293945312e+00
8.008000373840332031e+00
8.095999717712402344e+00
8.184000015258789062e+00
8.272000312805175781e+00
8.359999656677246094e+00
8.447999954223632812e+00
8.536000251770019531e+00
8.623999595642089844e+00
8.711999893188476562e+00
8.800000190734863281e+00
8.887999534606933594e+00
8.975999832153320312e+00
9.064000129699707031e+00
9.151999473571777344e+00
9.239999771118164062e+00
9.328000068664550781e+00
9.416000366210937500e+00
9.503999710083007812e+00
9.592000007629394531e+00
9.680000305175781250e+00
9.767999649047851562e+00
9.855999946594238281e+00
9.944000244140625000e+00
1.003199958801269531e+01
1.011999988555908203e+01
1.020800018310546875e+01
1.029599952697753906e+01
1.038399982452392578e+01
1.047200012207031250e+01
1.055999946594238281e+01
1.064799976348876953e+01
1.073600006103515625e+01
1.082400035858154297e+01
1.091199970245361328e+01
1.100000000000000000e+01
1.108800029754638672e+01
1.117599964141845703e+01
1.126399993896484375e+01
1.135200023651123047e+01
1.143999958038330078e+01
1.152799987792968750e+01
1.161600017547607422e+01
1.170399951934814453e+01
1.179199981689453125e+01
1.188000011444091797e+01
1.196799945831298828e+01
1.205599975585937500e+01
1.214400005340576172e+01
1.223200035095214844e+01
1.231999969482421875e+01
1.240799999237060547e+01
1.249600028991699219e+01
1.258399963378906250e+01
1.267199993133544922e+01
1.276000022888183594e+01
1.284799957275390625e+01
1.293599987030029297e+01
1.302400016784667969e+01
1.311199951171875000e+01
1.319999980926513672e+01
1.328800010681152344e+01
1.337599945068359375e+01
1.346399974822998047e+01
1.355200004577636719e+01
1.364000034332275391e+01
1.372799968719482422e+01
1.381599998474121094e+01
1.390400028228759766e+01
1.399199962615966797e+01
1.407999992370605469e+01
1.416800022125244141e+01
1.425599956512451172e+01
1.434399986267089844e+01
1.443200016021728516e+01
1.451999950408935547e+01
1.460799980163574219e+01
1.469600009918212891e+01
1.478399944305419922e+01
1.487199974060058594e+01
1.496000003814697266e+01
1.504800033569335938e+01
1.513599967956542969e+01
1.522399997711181641e+01
1.531200027465820312e+01
1.539999961853027344e+01
1.548799991607666016e+01
1.557600021362304688e+01
1.566399955749511719e+01
1.575199985504150391e+01
1.584000015258789062e+01
1.592799949645996094e+01
1.601600074768066406e+01
1.610400009155273438e+01
1.619199943542480469e+01
1.628000068664550781e+01
1.636800003051757812e+01
1.645599937438964844e+01
1.654400062561035156e+01
1.663199996948242188e+01
1.671999931335449219e+01
1.680800056457519531e+01
1.689599990844726562e+01
1.698399925231933594e+01
1.707200050354003906e+01
1.715999984741210938e+01
1.724799919128417969e+01
1.733600044250488281e+01
1.742399978637695312e+01
1.751199913024902344e+01
1.760000038146972656e+01
1.768799972534179688e+01
1.777599906921386719e+01
1.786400032043457031e+01
1.795199966430664062e+01
1.803999900817871094e+01
1.812800025939941406e+01
1.821599960327148438e+01
1.830399894714355469e+01
1.839200019836425781e+01
1.847999954223632812e+01
1.856800079345703125e+01
1.865600013732910156e+01
1.874399948120117188e+01
1.883200073242187500e+01
1.892000007629394531e+01
1.900799942016601562e+01
1.909600067138671875e+01
1.918400001525878906e+01
1.927199935913085938e+01
1.936000061035156250e+01
1.944799995422363281e+01
1.953599929809570312e+01
1.962400054931640625e+01
1.971199989318847656e+01
1.979999923706054688e+01
1.988800048828125000e+01
1.997599983215332031e+01
2.006399917602539062e+01
2.015200042724609375e+01
2.023999977111816406e+01
2.032799911499023438e+01
2.041600036621093750e+01
2.050399971008300781e+01
2.059199905395507812e+01
2.068000030517578125e+01
2.076799964904785156e+01
2.085599899291992188e+01
2.094400024414062500e+01
2.103199958801269531e+01
2.111999893188476562e+01
2.120800018310546875e+01
2.129599952697753906e+01
2.138400077819824219e+01
2.147200012207031250e+01
2.155999946594238281e+01
2.164800071716308594e+01
2.173600006103515625e+01
2.182399940490722656e+01
2.191200065612792969e+01
2.200000000000000000e+01
2.208799934387207031e+01
2.217600059509277344e+01
2.226399993896484375e+01
2.235199928283691406e+01
2.244000053405761719e+01
2.252799987792968750e+01
2.261599922180175781e+01
2.270400047302246094e+01
2.279199981689453125e+01
2.287999916076660156e+01
2.296800041198730469e+01
2.305599975585937500e+01
2.314399909973144531e+01
2.323200035095214844e+01
2.331999969482421875e+01
2.340799903869628906e+01
2.349600028991699219e+01
2.358399963378906250e+01
2.367199897766113281e+01
2.376000022888183594e+01
2.384799957275390625e+01
2.393599891662597656e+01
2.402400016784667969e+01
2.411199951171875000e+01
2.420000076293945312e+01
2.428800010681152344e+01
2.437599945068359375e+01
2.446400070190429688e+01
2.455200004577636719e+01
2.463999938964843750e+01
2.472800064086914062e+01
2.481599998474121094e+01
2.490399932861328125e+01
2.499200057983398438e+01
2.507999992370605469e+01
2.516799926757812500e+01
2.525600051879882812e+01
2.534399986267089844e+01
2.543199920654296875e+01
2.552000045776367188e+01
2.560799980163574219e+01
2.569599914550781250e+01
2.578400039672851562e+01
2.587199974060058594e+01
2.595999908447265625e+01
2.604800033569335938e+01
2.613599967956542969e+01
2.622399902343750000e+01
2.631200027465820312e+01
2.639999961853027344e+01
2.648799896240234375e+01
2.657600021362304688e+01
2.666399955749511719e+01
2.675199890136718750e+01
2.684000015258789062e+01
2.692799949645996094e+01
2.701600074768066406e+01
2.710400009155273438e+01
2.719199943542480469e+01
2.728000068664550781e+01
2.736800003051757812e+01
2.745599937438964844e+01
2.754400062561035156e+01
2.763199996948242188e+01
2.771999931335449219e+01
2.780800056457519531e+01
2.789599990844726562e+01
2.798399925231933594e+01
2.807200050354003906e+01
2.815999984741210938e+01
2.824799919128417969e+01
