2.000000000000000000e+01
2.023400000000000176e+01
2.046800000000000352e+01
2.070200000000000529e+01
2.093600000000000705e+01
2.117000000000000881e+01
2.140400000000001057e+01
2.163800000000001234e+01
2.187200000000001410e+01
2.210600000000001586e+01
2.234000000000001762e+01
2.257400000000001938e+01
2.280800000000002115e+01
2.304200000000002291e+01
2.327600000000002467e+01
2.351000000000002643e+01
2.374400000000002819e+01
2.397800000000002996e+01
2.421200000000003172e+01
2.444600000000003348e+01
2.468000000000003524e+01
2.491400000000003701e+01
2.514800000000003877e+01
2.538200000000004053e+01
2.561600000000004229e+01
2.585000000000004405e+01
2.608400000000004582e+01
2.631800000000004758e+01
2.655200000000004934e+01
2.678600000000005110e+01
2.702000000000005286e+01
2.725400000000005463e+01
2.748800000000005639e+01
2.772200000000005815e+01
2.795600000000005991e+01
2.819000000000006168e+01
2.842400000000006344e+01
2.865800000000006520e+01
2.889200000000006696e+01
2.912600000000006872e+01
2.936000000000007049e+01
2.959400000000007225e+01
2.982800000000007401e+01
3.006200000000007577e+01
3.029600000000007753e+01
3.053000000000007930e+01
3.076400000000008106e+01
3.099800000000008282e+01
3.123200000000008458e+01
3.146600000000008635e+01
3.170000000000008811e+01
3.193400000000008987e+01
3.216800000000009163e+01
3.240200000000009339e+01
3.263600000000009516e+01
3.287000000000009692e+01
3.310400000000009868e+01
3.333800000000010044e+01
3.357200000000010220e+01
3.380600000000010397e+01
3.404000000000010573e+01
3.427400000000010749e+01
3.450800000000010925e+01
3.474200000000011102e+01
3.497600000000011278e+01
3.521000000000011454e+01
3.544400000000011630e+01
3.567800000000011806e+01
3.591200000000011983e+01
3.614600000000012159e+01
3.638000000000012335e+01
3.661400000000012511e+01
3.684800000000012687e+01
3.708200000000012864e+01
3.731600000000013040e+01
3.755000000000013216e+01
3.778400000000013392e+01
3.801800000000013569e+01
3.825200000000013745e+01
3.848600000000013921e+01
3.872000000000014097e+01
3.895400000000014273e+01
3.918800000000014450e+01
3.942200000000014626e+01
3.965600000000014802e+01
3.989000000000014978e+01
4.012400000000015154e+01
4.035800000000015331e+01
4.059200000000015507e+01
4.082600000000015683e+01
4.106000000000015859e+01
4.129400000000016036e+01
4.152800000000016212e+01
4.176200000000016388e+01
4.199600000000016564e+01
4.223000000000016740e+01
4.246400000000016917e+01
4.269800000000017093e+01
4.293200000000017269e+01
4.316600000000017445e+01
4.340000000000017621e+01
4.363400000000017798e+01
4.386800000000017974e+01
4.410200000000018150e+01
4.433600000000018326e+01
4.457000000000018503e+01
4.480400000000018679e+01
4.503800000000018855e+01
4.527200000000019031e+01
4.550600000000019207e+01
4.574000000000019384e+01
4.597400000000019560e+01
4.620800000000019736e+01
4.644200000000019912e+01
4.667600000000020088e+01
4.691000000000020265e+01
4.714400000000020441e+01
4.737800000000020617e+01
4.761200000000020793e+01
4.784600000000020970e+01
4.808000000000021146e+01
4.831400000000021322e+01
4.854800000000021498e+01
4.878200000000021674e+01
4.901600000000021851e+01
4.925000000000022027e+01
4.948400000000022203e+01
4.971800000000022379e+01
4.995200000000022555e+01
5.018600000000022732e+01
5.042000000000022908e+01
5.065400000000023084e+01
5.088800000000023260e+01
5.112200000000023437e+01
5.135600000000023613e+01
5.159000000000023789e+01
5.182400000000023965e+01
5.205800000000024141e+01
5.229200000000024318e+01
5.252600000000024494e+01
5.276000000000024670e+01
5.299400000000024846e+01
5.322800000000025022e+01
5.346200000000025199e+01
5.369600000000025375e+01
5.393000000000025551e+01
5.416400000000025727e+01
5.439800000000025904e+01
5.463200000000026080e+01
5.486600000000026256e+01
5.510000000000026432e+01
5.533400000000026608e+01
5.556800000000026785e+01
5.580200000000026961e+01
5.603600000000027137e+01
5.627000000000027313e+01
5.650400000000027489e+01
5.673800000000027666e+01
5.697200000000027842e+01
5.720600000000028018e+01
5.744000000000028194e+01
5.767400000000028371e+01
5.790800000000028547e+01
5.814200000000028723e+01
5.837600000000028899e+01
5.861000000000029075e+01
5.884400000000029252e+01
5.907800000000029428e+01
5.931200000000029604e+01
5.954600000000029780e+01
5.978000000000029956e+01
6.001400000000030133e+01
6.024800000000030309e+01
6.048200000000030485e+01
6.071600000000030661e+01
6.095000000000030838e+01
6.118400000000031014e+01
6.141800000000031190e+01
6.165200000000031366e+01
6.188600000000031542e+01
6.212000000000031719e+01
6.235400000000031895e+01
6.258800000000032071e+01
6.282200000000032247e+01
6.305600000000032423e+01
6.329000000000032600e+01
6.352400000000032776e+01
6.375800000000032952e+01
6.399200000000033128e+01
6.422600000000034015e+01
6.446000000000033481e+01
6.469400000000032946e+01
6.492800000000033833e+01
6.516200000000034720e+01
6.539600000000034186e+01
6.563000000000033651e+01
6.586400000000034538e+01
6.609800000000035425e+01
6.633200000000034890e+01
6.656600000000034356e+01
