-1.500000000000000000e+02
-1.496479999999999961e+02
-1.492959999999999923e+02
-1.489439999999999884e+02
-1.485919999999999845e+02
-1.482399999999999807e+02
-1.478879999999999768e+02
-1.475359999999999729e+02
-1.471839999999999691e+02
-1.468319999999999652e+02
-1.464799999999999613e+02
-1.461279999999999575e+02
-1.457759999999999536e+02
-1.454239999999999498e+02
-1.450719999999999459e+02
-1.447199999999999420e+02
-1.443679999999999382e+02
-1.440159999999999343e+02
-1.436639999999999304e+02
-1.433119999999999266e+02
-1.429599999999999227e+02
-1.426079999999999188e+02
-1.422559999999999150e+02
-1.419039999999999111e+02
-1.415519999999999072e+02
-1.411999999999999034e+02
-1.408479999999998995e+02
-1.404959999999998956e+02
-1.401439999999998918e+02
-1.397919999999998879e+02
-1.394399999999998840e+02
-1.390879999999998802e+02
-1.387359999999998763e+02
-1.383839999999998724e+02
-1.380319999999998686e+02
-1.376799999999998647e+02
-1.373279999999998608e+02
-1.369759999999998570e+02
-1.366239999999998531e+02
-1.362719999999998493e+02
-1.359199999999998454e+02
-1.355679999999998415e+02
-1.352159999999998377e+02
-1.348639999999998338e+02
-1.345119999999998299e+02
-1.341599999999998261e+02
-1.338079999999998222e+02
-1.334559999999998183e+02
-1.331039999999998145e+02
-1.327519999999998106e+02
-1.323999999999998067e+02
-1.320479999999998029e+02
-1.316959999999997990e+02
-1.313439999999997951e+02
-1.309919999999997913e+02
-1.306399999999997874e+02
-1.302879999999997835e+02
-1.299359999999997797e+02
-1.295839999999997758e+02
-1.292319999999997719e+02
-1.288799999999997681e+02
-1.285279999999997642e+02
-1.281759999999997603e+02
-1.278239999999997565e+02
-1.274719999999997526e+02
-1.271199999999997488e+02
-1.267679999999997449e+02
-1.264159999999997410e+02
-1.260639999999997372e+02
-1.257119999999997333e+02
-1.253599999999997294e+02
-1.250079999999997256e+02
-1.246559999999997217e+02
-1.243039999999997178e+02
-1.239519999999997140e+02
-1.235999999999997101e+02
-1.232479999999997062e+02
-1.228959999999997024e+02
-1.225439999999996985e+02
-1.221919999999996946e+02
-1.218399999999996908e+02
-1.214879999999996869e+02
-1.211359999999996830e+02
-1.207839999999996792e+02
-1.204319999999996753e+02
-1.200799999999996714e+02
-1.197279999999996676e+02
-1.193759999999996637e+02
-1.190239999999996598e+02
-1.186719999999996560e+02
-1.183199999999996521e+02
-1.179679999999996483e+02
-1.176159999999996444e+02
-1.172639999999996405e+02
-1.169119999999996367e+02
-1.165599999999996328e+02
-1.162079999999996289e+02
-1.158559999999996251e+02
-1.155039999999996212e+02
-1.151519999999996173e+02
-1.147999999999996135e+02
-1.144479999999996096e+02
-1.140959999999996057e+02
-1.137439999999996019e+02
-1.133919999999995980e+02
-1.130399999999995941e+02
-1.126879999999995903e+02
-1.123359999999995864e+02
-1.119839999999995825e+02
-1.116319999999995787e+02
-1.112799999999995748e+02
-1.109279999999995709e+02
-1.105759999999995671e+02
-1.102239999999995632e+02
-1.098719999999995593e+02
-1.095199999999995555e+02
-1.091679999999995516e+02
-1.088159999999995478e+02
-1.084639999999995439e+02
-1.081119999999995400e+02
-1.077599999999995362e+02
-1.074079999999995323e+02
-1.070559999999995284e+02
-1.067039999999995246e+02
-1.063519999999995207e+02
-1.059999999999995168e+02
-1.056479999999995130e+02
-1.052959999999995091e+02
-1.049439999999995052e+02
-1.045919999999995014e+02
-1.042399999999994975e+02
-1.038879999999994936e+02
-1.035359999999994898e+02
-1.031839999999994859e+02
-1.028319999999994820e+02
-1.024799999999994782e+02
-1.021279999999994743e+02
-1.017759999999994704e+02
-1.014239999999994666e+02
-1.0107199999999945e+02